145 5
1 -0.667763 0.387255 -0.667763 0.387255
11 -0.667763 0.389706 0 0.002451
21 -0.674342 0.389706 -0.00657892 0
31 -0.677632 0.39951 -0.00328946 0.00980392
41 -0.674342 0.404412 0.00328946 0.00490195
51 -0.671053 0.404412 0.00328946 0
61 -0.671053 0.404412 0 0
71 -0.671053 0.406863 0 0.00245097
81 -0.674342 0.401961 -0.00328946 -0.00490195
91 -0.671053 0.401961 0.00328946 0
101 -0.664474 0.404412 0.00657892 0.00245097
111 -0.654605 0.406863 0.00986844 0.00245097
121 -0.644737 0.404412 0.00986844 -0.00245097
131 -0.634868 0.401961 0.00986838 -0.00245097
141 -0.621711 0.397059 0.0131579 -0.00490198
151 -0.615132 0.389706 0.00657898 -0.00735292
161 -0.611842 0.384804 0.00328946 -0.00490198
171 -0.605263 0.382353 0.00657892 -0.00245097
181 -0.601974 0.377451 0.00328946 -0.00490198
191 -0.595395 0.375 0.00657898 -0.00245097
201 -0.585526 0.375 0.00986844 0
211 -0.572368 0.375 0.0131578 0
221 -0.555921 0.372549 0.0164474 -0.00245097
231 -0.542763 0.367647 0.0131579 -0.00490198
241 -0.523026 0.362745 0.0197369 -0.00490195
251 -0.506579 0.35049 0.0164474 -0.0122549
261 -0.486842 0.348039 0.0197368 -0.00245097
271 -0.470395 0.343137 0.0164474 -0.00490195
281 -0.450658 0.340686 0.0197368 -0.002451
291 -0.4375 0.333333 0.0131579 -0.00735292
301 -0.427632 0.333333 0.00986841 0
311 -0.407895 0.328431 0.0197369 -0.00490198
321 -0.391447 0.328431 0.0164474 0
331 -0.378289 0.328431 0.0131579 0
341 -0.361842 0.335784 0.0164474 0.00735295
351 -0.348684 0.345588 0.0131579 0.00980392
361 -0.342105 0.355392 0.00657895 0.00980392
371 -0.335526 0.360294 0.00657895 0.00490195
381 -0.332237 0.367647 0.00328946 0.00735295
391 -0.322368 0.377451 0.00986844 0.00980392
401 -0.315789 0.387255 0.00657895 0.00980392
411 -0.3125 0.401961 0.00328946 0.0147059
421 -0.309211 0.414216 0.00328946 0.0122549
431 -0.3125 0.426471 -0.00328946 0.0122549
441 -0.315789 0.441176 -0.00328946 0.0147059
451 -0.3125 0.453431 0.00328946 0.0122549
461 -0.305921 0.465686 0.00657895 0.0122549
471 -0.299342 0.482843 0.00657895 0.0171569
481 -0.296053 0.5 0.00328946 0.0171569
491 -0.296053 0.514706 0 0.0147059
501 -0.296053 0.526961 0 0.0122549
511 -0.296053 0.544118 0 0.0171568
521 -0.299342 0.563725 -0.00328946 0.0196078
531 -0.292763 0.580882 0.00657895 0.0171569
541 -0.289474 0.593137 0.00328946 0.0122549
551 -0.282895 0.605392 0.00657895 0.0122549
561 -0.279605 0.620098 0.00328946 0.0147059
571 -0.269737 0.637255 0.00986841 0.0171568
581 -0.263158 0.656863 0.00657895 0.0196078
591 -0.256579 0.678922 0.00657895 0.0220588
601 -0.253289 0.691176 0.00328949 0.0122549
611 -0.253289 0.705882 0 0.0147059
621 -0.256579 0.723039 -0.00328949 0.0171568
631 -0.259868 0.737745 -0.00328946 0.0147059
641 -0.259868 0.747549 0 0.00980389
651 -0.259868 0.762255 0 0.0147059
661 -0.259868 0.77451 0 0.0122549
671 -0.259868 0.784314 0 0.00980395
681 -0.259868 0.796569 0 0.0122549
691 -0.256579 0.816176 0.00328946 0.0196078
701 -0.25 0.830882 0.00657895 0.0147059
711 -0.246711 0.843137 0.00328948 0.0122549
721 -0.246711 0.855392 0 0.0122549
731 -0.246711 0.862745 0 0.00735295
741 -0.25 0.872549 -0.00328948 0.00980389
751 -0.25 0.882353 0 0.00980395
761 -0.243421 0.892157 0.00657895 0.00980389
771 -0.236842 0.89951 0.00657894 0.00735295
781 -0.230263 0.89951 0.00657895 0
791 -0.226974 0.89951 0.00328948 0
801 -0.223684 0.901961 0.00328948 0.002451
811 -0.223684 0.892157 0 -0.00980395
821 -0.226974 0.882353 -0.00328948 -0.00980389
831 -0.230263 0.870098 -0.00328948 -0.0122549
841 -0.233553 0.860294 -0.00328948 -0.00980395
851 -0.236842 0.855392 -0.00328948 -0.00490195
861 -0.236842 0.845588 0 -0.00980395
871 -0.236842 0.838235 0 -0.00735289
881 -0.236842 0.830882 0 -0.00735295
891 -0.233553 0.823529 0.00328948 -0.00735295
901 -0.230263 0.813725 0.00328948 -0.00980395
911 -0.230263 0.801471 0 -0.0122549
921 -0.226974 0.791667 0.00328948 -0.00980389
931 -0.226974 0.776961 0 -0.0147059
941 -0.226974 0.767157 0 -0.00980395
951 -0.230263 0.757353 -0.00328948 -0.00980389
961 -0.233553 0.745098 -0.00328948 -0.0122549
971 -0.233553 0.735294 0 -0.00980395
981 -0.233553 0.727941 0 -0.00735295
991 -0.233553 0.723039 0 -0.00490195
1001 -0.233553 0.715686 0 -0.00735295
1011 -0.226974 0.703431 0.00657895 -0.0122549
1021 -0.226974 0.691176 0 -0.0122549
1031 -0.233553 0.678922 -0.00657895 -0.0122549
1041 -0.236842 0.661765 -0.00328948 -0.0171569
1051 -0.243421 0.644608 -0.00657894 -0.0171568
1061 -0.246711 0.625 -0.00328948 -0.0196078
1071 -0.246711 0.615196 0 -0.00980395
1081 -0.246711 0.610294 0 -0.00490195
1091 -0.246711 0.602941 0 -0.00735295
1101 -0.246711 0.595588 0 -0.00735295
1111 -0.246711 0.585784 0 -0.00980389
1121 -0.246711 0.57598 0 -0.00980395
1131 -0.246711 0.566176 0 -0.00980389
1141 -0.243421 0.556373 0.00328948 -0.00980395
1151 -0.243421 0.546569 0 -0.00980389
1161 -0.240132 0.536765 0.00328948 -0.00980395
1171 -0.236842 0.526961 0.00328946 -0.00980389
1181 -0.236842 0.522059 0 -0.00490195
1191 -0.236842 0.512255 0 -0.00980395
1201 -0.236842 0.5 0 -0.0122549
1211 -0.240132 0.490196 -0.00328946 -0.00980392
1221 -0.243421 0.482843 -0.00328948 -0.00735295
1231 -0.240132 0.468137 0.00328948 -0.0147059
1241 -0.243421 0.455882 -0.00328948 -0.0122549
1251 -0.243421 0.443627 0 -0.0122549
1261 -0.243421 0.431373 0 -0.0122549
1271 -0.246711 0.421569 -0.00328948 -0.00980392
1281 -0.25 0.409314 -0.00328948 -0.0122549
1291 -0.246711 0.394608 0.00328948 -0.0147059
1301 -0.25 0.387255 -0.00328948 -0.00735295
1311 -0.246711 0.375 0.00328948 -0.0122549
1321 -0.243421 0.360294 0.00328948 -0.0147059
1331 -0.246711 0.352941 -0.00328948 -0.00735292
1341 -0.246711 0.340686 0 -0.0122549
1351 -0.246711 0.32598 0 -0.0147059
1361 -0.246711 0.330882 0 0.00490195
1371 -0.246711 0.335784 0 0.00490198
1381 -0.246711 0.335784 0 0
1391 -0.246711 0.343137 0 0.00735295
1401 -0.246711 0.343137 0 0
1411 -0.243421 0.343137 0.00328948 0
1421 -0.243421 0.345588 0 0.00245097
1431 -0.246711 0.343137 -0.00328948 -0.00245097
1441 -0.240132 0.345588 0.00657895 0.00245097
